{
 "cells": [
  {
   "cell_type": "code",
   "execution_count": 13,
   "metadata": {},
   "outputs": [],
   "source": [
    "import numpy as np\n",
    "import sys\n",
    "import pennylane as qml\n",
    "from pygridsynth.gridsynth import gridsynth_gates\n",
    "\n",
    "import warnings\n",
    "from pennylane import PennyLaneDeprecationWarning\n",
    "\n",
    "warnings.filterwarnings(\"ignore\", category=PennyLaneDeprecationWarning)\n",
    "\n",
    "sys.path.append('/global/homes/f/fkiwit/dev/data_compression/compression')\n",
    "\n",
    "from utils.unitary_to_pennylane import UnitaryToPennylane"
   ]
  },
  {
   "cell_type": "code",
   "execution_count": 14,
   "metadata": {},
   "outputs": [
    {
     "name": "stdout",
     "output_type": "stream",
     "text": [
      "(12, 2, 4, 4)\n"
     ]
    }
   ],
   "source": [
    "import numpy as np\n",
    "\n",
    "def random_so2():\n",
    "    \"\"\"Sample a random 2x2 SO(2) matrix (rotation).\"\"\"\n",
    "    theta = np.random.uniform(0, 2*np.pi)\n",
    "    return np.array([\n",
    "        [np.cos(theta), -np.sin(theta)],\n",
    "        [np.sin(theta),  np.cos(theta)]\n",
    "    ])\n",
    "\n",
    "def cnot_matrix():\n",
    "    \"\"\"Standard 4x4 CNOT gate (control = 0, target = 1).\"\"\"\n",
    "    return np.array([\n",
    "        [1, 0, 0, 0],\n",
    "        [0, 1, 0, 0],\n",
    "        [0, 0, 0, 1],\n",
    "        [0, 0, 1, 0]\n",
    "    ])\n",
    "\n",
    "def sample_gate():\n",
    "    \"\"\"Sample one 4x4 gate: kron(SO(2), SO(2)) @ CNOT\"\"\"\n",
    "    U1 = random_so2()\n",
    "    U2 = random_so2()\n",
    "    kron_u = np.kron(U1, U2)\n",
    "    return kron_u @ cnot_matrix()\n",
    "\n",
    "def sample_staircase(depth=12, num_gates=2):\n",
    "    \"\"\"Sample a staircase of shape (depth, num_gates, 4, 4).\"\"\"\n",
    "    circuit = []\n",
    "    for _ in range(depth):\n",
    "        layer = [sample_gate() for _ in range(num_gates)]\n",
    "        circuit.append(np.stack(layer))  # shape (num_gates, 4, 4)\n",
    "    return np.stack(circuit)  # shape (depth, num_gates, 4, 4)\n",
    "\n",
    "# Example usage:\n",
    "staircase_circuit = sample_staircase(depth=12, num_gates=2)\n",
    "print(staircase_circuit.shape)  # (12, 2, 4, 4)\n"
   ]
  },
  {
   "cell_type": "code",
   "execution_count": null,
   "metadata": {},
   "outputs": [
    {
     "name": "stdout",
     "output_type": "stream",
     "text": [
      "[[[[ 9.99813571e-01 -1.10263419e-02 -1.74796914e-04  1.58497105e-02]\n",
      "   [-1.10263419e-02 -9.99813571e-01 -1.58497105e-02 -1.74796914e-04]\n",
      "   [ 1.58497105e-02 -1.74796914e-04  1.10263419e-02 -9.99813571e-01]\n",
      "   [-1.74796914e-04 -1.58497105e-02  9.99813571e-01  1.10263419e-02]]\n",
      "\n",
      "  [[ 7.61544072e-01  6.29615432e-01  9.79596872e-02  1.18486008e-01]\n",
      "   [ 6.29615432e-01 -7.61544072e-01 -1.18486008e-01  9.79596872e-02]\n",
      "   [ 1.18486008e-01  9.79596872e-02 -6.29615432e-01 -7.61544072e-01]\n",
      "   [ 9.79596872e-02 -1.18486008e-01  7.61544072e-01 -6.29615432e-01]]]\n",
      "\n",
      "\n",
      " [[[ 9.99979757e-01 -4.73744951e-03  2.01233423e-05 -4.24763049e-03]\n",
      "   [-4.73744951e-03 -9.99979757e-01  4.24763049e-03  2.01233423e-05]\n",
      "   [-4.24763049e-03  2.01233423e-05  4.73744951e-03 -9.99979757e-01]\n",
      "   [ 2.01233423e-05  4.24763049e-03  9.99979757e-01  4.73744951e-03]]\n",
      "\n",
      "  [[ 7.43252540e-01  6.63294665e-01 -5.81066384e-02 -6.51111924e-02]\n",
      "   [ 6.63294665e-01 -7.43252540e-01  6.51111924e-02 -5.81066384e-02]\n",
      "   [-6.51111924e-02 -5.81066384e-02 -6.63294665e-01 -7.43252540e-01]\n",
      "   [-5.81066384e-02  6.51111924e-02  7.43252540e-01 -6.63294665e-01]]]\n",
      "\n",
      "\n",
      " [[[ 9.99886364e-01  1.46275059e-02  5.33379329e-05  3.64599900e-03]\n",
      "   [ 1.46275059e-02 -9.99886364e-01 -3.64599900e-03  5.33379329e-05]\n",
      "   [ 3.64599900e-03  5.33379329e-05 -1.46275059e-02 -9.99886364e-01]\n",
      "   [ 5.33379329e-05 -3.64599900e-03  9.99886364e-01 -1.46275059e-02]]\n",
      "\n",
      "  [[ 7.00982136e-01  7.11163982e-01 -3.81524393e-02 -3.76062049e-02]\n",
      "   [ 7.11163982e-01 -7.00982136e-01  3.76062049e-02 -3.81524393e-02]\n",
      "   [-3.76062049e-02 -3.81524393e-02 -7.11163982e-01 -7.00982136e-01]\n",
      "   [-3.81524393e-02  3.76062049e-02  7.00982136e-01 -7.11163982e-01]]]\n",
      "\n",
      "\n",
      " [[[ 9.99977514e-01 -6.66666137e-03 -4.83980068e-06  7.25954355e-04]\n",
      "   [-6.66666137e-03 -9.99977514e-01 -7.25954355e-04 -4.83980068e-06]\n",
      "   [ 7.25954355e-04 -4.83980068e-06  6.66666137e-03 -9.99977514e-01]\n",
      "   [-4.83980068e-06 -7.25954355e-04  9.99977514e-01  6.66666137e-03]]\n",
      "\n",
      "  [[ 7.31390349e-01  6.81841588e-01  8.63090700e-03  9.25810656e-03]\n",
      "   [ 6.81841588e-01 -7.31390349e-01 -9.25810656e-03  8.63090700e-03]\n",
      "   [ 9.25810656e-03  8.63090700e-03 -6.81841588e-01 -7.31390349e-01]\n",
      "   [ 8.63090700e-03 -9.25810656e-03  7.31390349e-01 -6.81841588e-01]]]\n",
      "\n",
      "\n",
      " [[[ 9.99996052e-01 -1.68522840e-03 -3.78910499e-06  2.24841335e-03]\n",
      "   [-1.68522840e-03 -9.99996052e-01 -2.24841335e-03 -3.78910499e-06]\n",
      "   [ 2.24841335e-03 -3.78910499e-06  1.68522840e-03 -9.99996052e-01]\n",
      "   [-3.78910499e-06 -2.24841335e-03  9.99996052e-01  1.68522840e-03]]\n",
      "\n",
      "  [[ 9.99914359e-01  4.17897998e-04 -5.46680250e-06 -1.30805468e-02]\n",
      "   [ 4.17897998e-04 -9.99914359e-01  1.30805468e-02 -5.46680250e-06]\n",
      "   [-1.30805468e-02 -5.46680250e-06 -4.17897998e-04 -9.99914359e-01]\n",
      "   [-5.46680250e-06  1.30805468e-02  9.99914359e-01 -4.17897998e-04]]]\n",
      "\n",
      "\n",
      " [[[ 9.99993586e-01  3.48964317e-03  2.81301848e-06  8.06099735e-04]\n",
      "   [ 3.48964317e-03 -9.99993586e-01 -8.06099735e-04  2.81301848e-06]\n",
      "   [ 8.06099735e-04  2.81301848e-06 -3.48964317e-03 -9.99993586e-01]\n",
      "   [ 2.81301848e-06 -8.06099735e-04  9.99993586e-01 -3.48964317e-03]]\n",
      "\n",
      "  [[ 6.99192935e-01 -7.84559769e-02 -7.92403620e-02  7.06183308e-01]\n",
      "   [-7.84559769e-02 -6.99192935e-01 -7.06183308e-01 -7.92403620e-02]\n",
      "   [ 7.06183308e-01 -7.92403620e-02  7.84559769e-02 -6.99192935e-01]\n",
      "   [-7.92403620e-02 -7.06183308e-01  6.99192935e-01  7.84559769e-02]]]\n",
      "\n",
      "\n",
      " [[[ 9.93372075e-01  3.91207012e-03 -4.52400014e-04 -1.14875635e-01]\n",
      "   [ 3.91207012e-03 -9.93372075e-01  1.14875635e-01 -4.52400014e-04]\n",
      "   [-1.14875635e-01 -4.52400014e-04 -3.91207012e-03 -9.93372075e-01]\n",
      "   [-4.52400014e-04  1.14875635e-01  9.93372075e-01 -3.91207012e-03]]\n",
      "\n",
      "  [[ 6.94195261e-01 -1.01738516e-02 -1.05467238e-02  7.19637547e-01]\n",
      "   [-1.01738516e-02 -6.94195261e-01 -7.19637547e-01 -1.05467238e-02]\n",
      "   [ 7.19637547e-01 -1.05467238e-02  1.01738516e-02 -6.94195261e-01]\n",
      "   [-1.05467238e-02 -7.19637547e-01  6.94195261e-01  1.01738516e-02]]]\n",
      "\n",
      "\n",
      " [[[ 9.97952654e-01 -6.22007892e-02  9.25960992e-04 -1.48561657e-02]\n",
      "   [-6.22007892e-02 -9.97952654e-01  1.48561657e-02  9.25960992e-04]\n",
      "   [-1.48561657e-02  9.25960992e-04  6.22007892e-02 -9.97952654e-01]\n",
      "   [ 9.25960992e-04  1.48561657e-02  9.97952654e-01  6.22007892e-02]]\n",
      "\n",
      "  [[ 7.13567756e-01  3.05441701e-02  2.99325735e-02  6.99279738e-01]\n",
      "   [ 3.05441701e-02 -7.13567756e-01 -6.99279738e-01  2.99325735e-02]\n",
      "   [ 6.99279738e-01  2.99325735e-02 -3.05441701e-02 -7.13567756e-01]\n",
      "   [ 2.99325735e-02 -6.99279738e-01  7.13567756e-01 -3.05441701e-02]]]\n",
      "\n",
      "\n",
      " [[[ 9.99073124e-01 -6.45581330e-03 -2.74998011e-04  4.25574764e-02]\n",
      "   [-6.45581330e-03 -9.99073124e-01 -4.25574764e-02 -2.74998011e-04]\n",
      "   [ 4.25574764e-02 -2.74998011e-04  6.45581330e-03 -9.99073124e-01]\n",
      "   [-2.74998011e-04 -4.25574764e-02  9.99073124e-01  6.45581330e-03]]\n",
      "\n",
      "  [[ 6.98553963e-01  4.45671901e-02  4.54709149e-02  7.12719104e-01]\n",
      "   [ 4.45671901e-02 -6.98553963e-01 -7.12719104e-01  4.54709149e-02]\n",
      "   [ 7.12719104e-01  4.54709149e-02 -4.45671901e-02 -6.98553963e-01]\n",
      "   [ 4.54709149e-02 -7.12719104e-01  6.98553963e-01 -4.45671901e-02]]]\n",
      "\n",
      "\n",
      " [[[ 9.97247419e-01  4.12039124e-02  2.54476025e-03  6.15901609e-02]\n",
      "   [ 4.12039124e-02 -9.97247419e-01 -6.15901609e-02  2.54476025e-03]\n",
      "   [ 6.15901609e-02  2.54476025e-03 -4.12039124e-02 -9.97247419e-01]\n",
      "   [ 2.54476025e-03 -6.15901609e-02  9.97247419e-01 -4.12039124e-02]]\n",
      "\n",
      "  [[ 5.13679364e-01  4.61929729e-01  4.83452519e-01  5.37613335e-01]\n",
      "   [ 4.61929729e-01 -5.13679364e-01 -5.37613335e-01  4.83452519e-01]\n",
      "   [ 5.37613335e-01  4.83452519e-01 -4.61929729e-01 -5.13679364e-01]\n",
      "   [ 4.83452519e-01 -5.37613335e-01  5.13679364e-01 -4.61929729e-01]]]]\n",
      "(10, 2, 4, 4)\n",
      "[[[-9.99933166e-01  1.15612805e-02]\n",
      "  [ 1.15612805e-02  9.99933166e-01]]\n",
      "\n",
      " [[-9.99887748e-01 -1.49830262e-02]\n",
      "  [ 1.49830262e-02 -9.99887748e-01]]\n",
      "\n",
      " [[-9.98553869e-01  5.37603070e-02]\n",
      "  [ 5.37603070e-02  9.98553869e-01]]\n",
      "\n",
      " [[-9.99979535e-01 -6.39755338e-03]\n",
      "  [ 6.39755338e-03 -9.99979535e-01]]\n",
      "\n",
      " [[-9.99965805e-01 -8.26976814e-03]\n",
      "  [ 8.26976814e-03 -9.99965805e-01]]\n",
      "\n",
      " [[-9.99999612e-01 -8.81001923e-04]\n",
      "  [ 8.81001923e-04 -9.99999612e-01]]\n",
      "\n",
      " [[-9.99993422e-01  3.62723821e-03]\n",
      "  [ 3.62723821e-03  9.99993422e-01]]\n",
      "\n",
      " [[-9.99984836e-01 -5.50701807e-03]\n",
      "  [-5.50701807e-03  9.99984836e-01]]\n",
      "\n",
      " [[-9.98268982e-01  5.88136071e-02]\n",
      "  [ 5.88136071e-02  9.98268982e-01]]\n",
      "\n",
      " [[-9.99871503e-01  1.60305433e-02]\n",
      "  [-1.60305433e-02 -9.99871503e-01]]\n",
      "\n",
      " [[-9.95470582e-01  9.50700835e-02]\n",
      "  [-9.50700835e-02 -9.95470582e-01]]]\n",
      "Unique gates in gate_sequence: {'RY', 'CNOT'}\n",
      "Number of RY gates in gate_sequence: 51\n",
      "Number of CNOT gates in gate_sequence: 20\n",
      "Unique gates in gate_sequence_compiled: {'T', 'Hadamard', 'PauliX', 'S', 'CNOT', 'Adjoint(S)'}\n",
      "T-count: 2532\n",
      "Infidelity target: 0.15169264177004027\n",
      "Infidelity compressed: 2.723494985090724e-09\n",
      "Infidelity not compiled: 0.15169264622198841\n"
     ]
    }
   ],
   "source": [
    "gate_map_penny = {\n",
    "    # Clifford generators\n",
    "    \"H\"  : lambda w: qml.Hadamard(wires=w),\n",
    "    \"X\"  : lambda w: qml.PauliX(wires=w),\n",
    "    \"Y\"  : lambda w: qml.PauliY(wires=w),\n",
    "    \"Z\"  : lambda w: qml.PauliZ(wires=w),\n",
    "    \"S\"  : lambda w: qml.S(wires=w),\n",
    "    \"Sdg\": lambda w: qml.adjoint(qml.S)(wires=w),\n",
    "    \"S†\" : lambda w: qml.adjoint(qml.S)(wires=w),\n",
    "    \"s\"  : lambda w: qml.adjoint(qml.S)(wires=w),\n",
    "\n",
    "    # T / T†\n",
    "    \"T\"  : lambda w: qml.T(wires=w),\n",
    "    \"Tdg\": lambda w: qml.adjoint(qml.T)(wires=w),\n",
    "    \"T†\" : lambda w: qml.adjoint(qml.T)(wires=w),\n",
    "    \"t\"  : lambda w: qml.adjoint(qml.T)(wires=w),\n",
    "}\n",
    "\n",
    "def _rz_word(theta):\n",
    "    \"\"\"Return the gate word generated by gridsynth for an RZ rotation.\"\"\"\n",
    "    word = gridsynth_gates(theta=theta, epsilon=EPS)\n",
    "    return list(word) if isinstance(word, str) else word\n",
    "\n",
    "def _word_to_ops(word, wire):\n",
    "    \"\"\"Convert a gridsynth word (as list) into PennyLane ops (reversed order).\"\"\"\n",
    "    ops = []\n",
    "    for tok in reversed(word):\n",
    "        if tok in {\"W\", \"Wdg\", \"W†\", \"w\", \"I\"}:\n",
    "            continue\n",
    "        ops.append(gate_map_penny[tok](wire))\n",
    "    return ops\n",
    "\n",
    "def compile_rz(theta, wire):\n",
    "    \"\"\"Decompose RZ(theta) into Clifford+T on *wire*.\"\"\"\n",
    "    return _word_to_ops(_rz_word(theta), wire)\n",
    "\n",
    "def compile_rx(theta, wire):\n",
    "    \"\"\"Decompose RX(theta) into Clifford+T on *wire* using H · RZ · H.\"\"\"\n",
    "    word = [\"H\"] + _rz_word(theta) + [\"H\"]\n",
    "    return _word_to_ops(word, wire)\n",
    "\n",
    "def compile_ry(theta, wire):\n",
    "    \"\"\"Decompose RY(theta) into Clifford+T on *wire* using S · H · RZ · H · S†.\"\"\"\n",
    "    word = [\"S\", \"H\"] + _rz_word(theta) + [\"H\", \"Sdg\"]\n",
    "    return _word_to_ops(word, wire)\n",
    "\n",
    "def get_compiled(sample, depth, RY):\n",
    "\n",
    "    staircase_circuit = sample[f\"staircase_circuit_{depth}\"]\n",
    "    print(staircase_circuit.shape)\n",
    "    target_state = sample[f\"frqi_target\"]\n",
    "    compressed_state = sample[f'state_{depth}']\n",
    "    if RY == \"sparse\":\n",
    "        first_gates = sample[f\"first_gates_{depth}\"]\n",
    "        print(first_gates)\n",
    "        unitary_to_pennylane = UnitaryToPennylane((first_gates, staircase_circuit))\n",
    "    else:\n",
    "        unitary_to_pennylane = UnitaryToPennylane(staircase_circuit)\n",
    "\n",
    "    circuit, params = unitary_to_pennylane.get_circuit(RY=RY)\n",
    "    _ = circuit(params)\n",
    "\n",
    "    gate_sequence = circuit.tape.operations\n",
    "    gate_sequence_compiled = []\n",
    "    for gate in gate_sequence:\n",
    "        wire = gate.wires[0]\n",
    "        if isinstance(gate, qml.RX):\n",
    "            gate_sequence_compiled.extend(compile_rx(float(gate.parameters[0]), wire))\n",
    "        elif isinstance(gate, qml.RY):\n",
    "            gate_sequence_compiled.extend(compile_ry(float(gate.parameters[0]), wire))\n",
    "        elif isinstance(gate, qml.RZ):\n",
    "            gate_sequence_compiled.extend(compile_rz(float(gate.parameters[0]), wire))\n",
    "        else:\n",
    "            gate_sequence_compiled.append(gate)\n",
    "\n",
    "    unique_gates = set(op.name for op in gate_sequence)\n",
    "    print(f\"Unique gates in gate_sequence: {unique_gates}\")\n",
    "\n",
    "    ry_count = sum(1 for op in gate_sequence if op.name == \"RY\")\n",
    "    print(f\"Number of RY gates in gate_sequence: {ry_count}\")\n",
    "\n",
    "    cnot_count = sum(1 for op in gate_sequence if op.name == \"CNOT\")\n",
    "    print(f\"Number of CNOT gates in gate_sequence: {cnot_count}\")\n",
    "\n",
    "    unique_gates = set(op.name for op in gate_sequence_compiled)\n",
    "    print(f\"Unique gates in gate_sequence_compiled: {unique_gates}\")\n",
    "\n",
    "    @qml.qnode(dev)\n",
    "    def circuit_applier(gates):\n",
    "        for op in gates:\n",
    "            qml.apply(op)\n",
    "        return qml.state()\n",
    "\n",
    "    state_compiled = circuit_applier(gate_sequence_compiled)\n",
    "\n",
    "    infidelity_target = 1 - np.abs(np.vdot(state_compiled, target_state))**2\n",
    "    infidelity_compressed = 1 - np.abs(np.vdot(state_compiled, compressed_state))**2\n",
    "    infidelity_not_compiled = 1 - np.abs(np.vdot(compressed_state, target_state))**2\n",
    "\n",
    "    t_count = sum(\n",
    "        1\n",
    "        for op in gate_sequence_compiled\n",
    "        if op.name in {\"T\", \"Tdg\", \"T†\"}\n",
    "    )\n",
    "\n",
    "    return t_count, infidelity_target, infidelity_compressed, infidelity_not_compiled\n",
    "\n",
    "data_loader ={\n",
    "    f\"mnist_sparse\": \"../data/mnist/sparse_8_20250715-060921/\",\n",
    "    f\"mnist_orthorgonal\": \"../data/mnist/orthogonal_8_20250306-035734/\",\n",
    "    f\"mnist_unitary\": \"../data/mnist/unitary_8_20250306-040348/\",\n",
    "    f\"fashion_mnist_sparse\": \"../data/fashion_mnist/sparse_8_20250715-084149/\",\n",
    "    f\"fashion_mnist_orthorgonal\": \"../data/fashion_mnist/orthogonal_8_20250306-051726/\",\n",
    "    f\"fashion_mnist_unitary\": \"../data/fashion_mnist/unitary_8_20250306-052929/\",\n",
    "    f\"cifar10_sparse\": \"../data/cifar10/sparse_8_20250715-125533/\",\n",
    "    f\"cifar10_orthorgonal\": \"../data/cifar10/cnot_count/cifar10_orthogonal_8_20241217-014108/\",\n",
    "    f\"cifar10_unitary\": \"../data/cifar10/cnot_count/cifar10_unitary_8_20241217-015052/\",\n",
    "    f\"imagenette_sparse\": \"../data/imagenette_128/sparse_8_20250715-225556/\",\n",
    "    f\"imagenette_orthorgonal\": \"../data/imagenette_128/_orthogonal_8_20250312-115249/\",\n",
    "    f\"imagenette_unitary\": \"../data/imagenette_128/unitary_8_20250313-094859/\"\n",
    "}\n",
    "\n",
    "EPS = 1e-5\n",
    "DEPTH = 1\n",
    "SAMPLE = 10\n",
    "\n",
    "DATASET_TAG = \"mnist\"\n",
    "# DATASET_TAG = \"fashion_mnist\"\n",
    "# DATASET_TAG = \"cifar10\"\n",
    "# DATASET_TAG = \"imagenette\"\n",
    "\n",
    "CIRCUIT_TAG = \"sparse\"\n",
    "# CIRCUIT_TAG = \"orthorgonal\"\n",
    "# CIRCUIT_TAG = \"unitary\"\n",
    "\n",
    "if DATASET_TAG == \"cifar10\":\n",
    "    wires = 13\n",
    "elif DATASET_TAG == \"imagenette\":\n",
    "    wires = 17\n",
    "else:\n",
    "    wires = 11\n",
    "\n",
    "dev = qml.device(\"default.qubit\", wires=wires)\n",
    "\n",
    "if CIRCUIT_TAG == \"sparse\":\n",
    "    RY = \"sparse\"\n",
    "elif CIRCUIT_TAG == \"orthorgonal\":\n",
    "    RY = True\n",
    "elif CIRCUIT_TAG == \"unitary\":\n",
    "    RY = False\n",
    "\n",
    "data = np.load(data_loader[f\"{DATASET_TAG}_{CIRCUIT_TAG}\"] + \"compressed.npy\", allow_pickle=True)\n",
    "staircase_circuit = data[f\"staircase_circuit_{DEPTH}\"][SAMPLE]\n",
    "\n",
    "sweep_state = np.array(data[f\"state_{DEPTH}\"][SAMPLE])\n",
    "\n",
    "t_count, infidelity_target, infidelity_compressed, infidelity_not_compiled = get_compiled(data[0], DEPTH, RY)\n",
    "print(f\"T-count: {t_count}\")\n",
    "print(f\"Infidelity target: {infidelity_target}\")\n",
    "print(f\"Infidelity compressed: {infidelity_compressed}\")\n",
    "print(f\"Infidelity not compiled: {infidelity_not_compiled}\")\n"
   ]
  },
  {
   "cell_type": "code",
   "execution_count": 10,
   "metadata": {},
   "outputs": [
    {
     "name": "stdout",
     "output_type": "stream",
     "text": [
      "⏳ Processing depth 1...\n",
      "Unique gates in gate_sequence: {'RY', 'CNOT'}\n",
      "Unique gates in gate_sequence: {'RY', 'CNOT'}Number of RY gates in gate_sequence: 81\n",
      "\n",
      "Number of CNOT gates in gate_sequence: 32Number of RY gates in gate_sequence: 81\n",
      "\n",
      "Unique gates in gate_sequence_compiled: {'Hadamard', 'PauliX', 'CNOT', 'T', 'S', 'Adjoint(S)'}Number of CNOT gates in gate_sequence: 32\n",
      "\n",
      "Unique gates in gate_sequence_compiled: {'Hadamard', 'PauliX', 'CNOT', 'T', 'S', 'Adjoint(S)'}\n",
      "Unique gates in gate_sequence: {'RY', 'CNOT'}\n",
      "Number of RY gates in gate_sequence: 81\n",
      "Number of CNOT gates in gate_sequence: 32\n",
      "Unique gates in gate_sequence_compiled: {'Hadamard', 'PauliX', 'CNOT', 'T', 'S', 'Adjoint(S)'}\n",
      "Unique gates in gate_sequence: {'RY', 'CNOT'}\n",
      "Number of RY gates in gate_sequence: 81\n",
      "Number of CNOT gates in gate_sequence: 32\n",
      "Unique gates in gate_sequence_compiled: {'Hadamard', 'PauliX', 'CNOT', 'T', 'S', 'Adjoint(S)'}\n",
      "Unique gates in gate_sequence: {'RY', 'CNOT'}\n",
      "Number of RY gates in gate_sequence: 81\n",
      "Number of CNOT gates in gate_sequence: 32\n",
      "Unique gates in gate_sequence_compiled: {'Hadamard', 'PauliX', 'CNOT', 'T', 'S', 'Adjoint(S)'}\n",
      "Unique gates in gate_sequence: {'RY', 'CNOT'}\n",
      "Number of RY gates in gate_sequence: 81\n",
      "Number of CNOT gates in gate_sequence: 32\n",
      "Unique gates in gate_sequence_compiled: {'Hadamard', 'PauliX', 'CNOT', 'T', 'S', 'Adjoint(S)'}\n",
      "Unique gates in gate_sequence: {'RY', 'CNOT'}\n",
      "Number of RY gates in gate_sequence: 81\n",
      "Number of CNOT gates in gate_sequence: 32\n",
      "Unique gates in gate_sequence_compiled: {'Hadamard', 'PauliX', 'CNOT', 'T', 'S', 'Adjoint(S)'}\n",
      "Unique gates in gate_sequence: {'RY', 'CNOT'}\n",
      "Number of RY gates in gate_sequence: 81\n",
      "Number of CNOT gates in gate_sequence: 32\n",
      "Unique gates in gate_sequence_compiled: {'Hadamard', 'PauliX', 'CNOT', 'T', 'S', 'Adjoint(S)'}\n",
      "Unique gates in gate_sequence: {'RY', 'CNOT'}\n",
      "Number of RY gates in gate_sequence: 81\n",
      "Number of CNOT gates in gate_sequence: 32\n",
      "Unique gates in gate_sequence_compiled: {'Hadamard', 'PauliX', 'CNOT', 'T', 'S', 'Adjoint(S)'}\n",
      "Unique gates in gate_sequence: {'RY', 'CNOT'}\n",
      "Number of RY gates in gate_sequence: 81\n",
      "Number of CNOT gates in gate_sequence: 32\n",
      "Unique gates in gate_sequence_compiled: {'Hadamard', 'PauliX', 'CNOT', 'T', 'S', 'Adjoint(S)'}\n",
      "Unique gates in gate_sequence: {'RY', 'CNOT'}\n",
      "Number of RY gates in gate_sequence: 81\n",
      "Number of CNOT gates in gate_sequence: 32\n",
      "Unique gates in gate_sequence_compiled: {'Hadamard', 'PauliX', 'CNOT', 'T', 'S', 'Adjoint(S)'}\n",
      "Unique gates in gate_sequence: {'RY', 'CNOT'}\n",
      "Unique gates in gate_sequence: {'RY', 'CNOT'}Number of RY gates in gate_sequence: 81\n",
      "\n",
      "Number of RY gates in gate_sequence: 81Number of CNOT gates in gate_sequence: 32\n",
      "\n",
      "Unique gates in gate_sequence_compiled: {'Hadamard', 'PauliX', 'CNOT', 'T', 'S', 'Adjoint(S)'}Number of CNOT gates in gate_sequence: 32\n",
      "\n",
      "Unique gates in gate_sequence_compiled: {'Hadamard', 'PauliX', 'CNOT', 'T', 'S', 'Adjoint(S)'}\n",
      "Unique gates in gate_sequence: {'RY', 'CNOT'}\n",
      "Number of RY gates in gate_sequence: 81\n",
      "Number of CNOT gates in gate_sequence: 32\n",
      "Unique gates in gate_sequence_compiled: {'Hadamard', 'PauliX', 'CNOT', 'T', 'S', 'Adjoint(S)'}\n",
      "Unique gates in gate_sequence: {'RY', 'CNOT'}\n",
      "Number of RY gates in gate_sequence: 81\n",
      "Number of CNOT gates in gate_sequence: 32\n",
      "Unique gates in gate_sequence_compiled: {'Hadamard', 'PauliX', 'CNOT', 'T', 'S', 'Adjoint(S)'}\n",
      "Unique gates in gate_sequence: {'RY', 'CNOT'}\n",
      "Number of RY gates in gate_sequence: 81\n",
      "Number of CNOT gates in gate_sequence: 32\n",
      "Unique gates in gate_sequence_compiled: {'Hadamard', 'PauliX', 'CNOT', 'T', 'S', 'Adjoint(S)'}\n",
      "Unique gates in gate_sequence: {'RY', 'CNOT'}\n",
      "Unique gates in gate_sequence: {'RY', 'CNOT'}Number of RY gates in gate_sequence: 81\n",
      "\n",
      "Number of RY gates in gate_sequence: 81Number of CNOT gates in gate_sequence: 32\n",
      "\n",
      "Number of CNOT gates in gate_sequence: 32\n",
      "Unique gates in gate_sequence_compiled: {'Hadamard', 'PauliX', 'CNOT', 'T', 'S', 'Adjoint(S)'}Unique gates in gate_sequence_compiled: {'Hadamard', 'PauliX', 'CNOT', 'T', 'S', 'Adjoint(S)'}\n",
      "\n",
      "Unique gates in gate_sequence: {'RY', 'CNOT'}\n",
      "Number of RY gates in gate_sequence: 81\n",
      "Number of CNOT gates in gate_sequence: 32\n",
      "Unique gates in gate_sequence_compiled: {'Hadamard', 'PauliX', 'CNOT', 'T', 'S', 'Adjoint(S)'}\n",
      "Unique gates in gate_sequence: {'RY', 'CNOT'}\n",
      "Number of RY gates in gate_sequence: 81\n",
      "Number of CNOT gates in gate_sequence: 32\n",
      "Unique gates in gate_sequence_compiled: {'Hadamard', 'PauliX', 'CNOT', 'T', 'S', 'Adjoint(S)'}Unique gates in gate_sequence: {'RY', 'CNOT'}\n",
      "\n",
      "Number of RY gates in gate_sequence: 81\n",
      "Number of CNOT gates in gate_sequence: 32\n",
      "Unique gates in gate_sequence_compiled: {'Hadamard', 'PauliX', 'CNOT', 'T', 'S', 'Adjoint(S)'}\n",
      "Unique gates in gate_sequence: {'RY', 'CNOT'}\n",
      "Number of RY gates in gate_sequence: 81\n",
      "Number of CNOT gates in gate_sequence: 32\n",
      "Unique gates in gate_sequence_compiled: {'Hadamard', 'PauliX', 'CNOT', 'T', 'S', 'Adjoint(S)'}\n",
      "Unique gates in gate_sequence: {'RY', 'CNOT'}\n",
      "Number of RY gates in gate_sequence: 81\n",
      "Number of CNOT gates in gate_sequence: 32\n",
      "Unique gates in gate_sequence_compiled: {'Hadamard', 'PauliX', 'CNOT', 'T', 'S', 'Adjoint(S)'}\n",
      "Unique gates in gate_sequence: {'RY', 'CNOT'}\n",
      "Number of RY gates in gate_sequence: 81\n",
      "Number of CNOT gates in gate_sequence: 32\n",
      "Unique gates in gate_sequence_compiled: {'Hadamard', 'PauliX', 'CNOT', 'T', 'S', 'Adjoint(S)'}\n",
      "Unique gates in gate_sequence: {'RY', 'CNOT'}\n",
      "Number of RY gates in gate_sequence: 81Unique gates in gate_sequence: {'RY', 'CNOT'}\n",
      "Number of RY gates in gate_sequence: 81\n",
      "\n",
      "Number of CNOT gates in gate_sequence: 32Number of CNOT gates in gate_sequence: 32\n",
      "\n",
      "Unique gates in gate_sequence_compiled: {'Hadamard', 'Adjoint(S)', 'PauliX', 'T', 'S', 'CNOT'}Unique gates in gate_sequence_compiled: {'Hadamard', 'PauliX', 'CNOT', 'T', 'S', 'Adjoint(S)'}\n",
      "\n",
      "Unique gates in gate_sequence: {'RY', 'CNOT'}\n",
      "Number of RY gates in gate_sequence: 81\n",
      "Number of CNOT gates in gate_sequence: 32\n",
      "Unique gates in gate_sequence_compiled: {'Hadamard', 'PauliX', 'CNOT', 'T', 'S', 'Adjoint(S)'}\n",
      "Unique gates in gate_sequence: {'RY', 'CNOT'}\n",
      "Number of RY gates in gate_sequence: 81\n",
      "Number of CNOT gates in gate_sequence: 32\n",
      "Unique gates in gate_sequence_compiled: {'Hadamard', 'PauliX', 'CNOT', 'T', 'S', 'Adjoint(S)'}\n",
      "Unique gates in gate_sequence: {'RY', 'CNOT'}\n",
      "Number of RY gates in gate_sequence: 81\n",
      "Number of CNOT gates in gate_sequence: 32\n",
      "Unique gates in gate_sequence_compiled: {'Hadamard', 'PauliX', 'CNOT', 'T', 'S', 'Adjoint(S)'}\n",
      "Unique gates in gate_sequence: {'RY', 'CNOT'}\n",
      "Number of RY gates in gate_sequence: 81\n",
      "Number of CNOT gates in gate_sequence: 32\n",
      "Unique gates in gate_sequence_compiled: {'Hadamard', 'PauliX', 'CNOT', 'T', 'S', 'Adjoint(S)'}\n",
      "Unique gates in gate_sequence: {'RY', 'CNOT'}\n",
      "Number of RY gates in gate_sequence: 81\n",
      "Number of CNOT gates in gate_sequence: 32\n",
      "Unique gates in gate_sequence_compiled: {'Hadamard', 'PauliX', 'CNOT', 'T', 'S', 'Adjoint(S)'}\n",
      "Unique gates in gate_sequence: {'RY', 'CNOT'}\n",
      "Number of RY gates in gate_sequence: 81\n",
      "Number of CNOT gates in gate_sequence: 32\n",
      "Unique gates in gate_sequence_compiled: {'Hadamard', 'PauliX', 'CNOT', 'T', 'S', 'Adjoint(S)'}\n",
      "Unique gates in gate_sequence: {'RY', 'CNOT'}\n",
      "Number of RY gates in gate_sequence: 81\n",
      "Number of CNOT gates in gate_sequence: 32\n",
      "Unique gates in gate_sequence_compiled: {'Hadamard', 'PauliX', 'CNOT', 'T', 'S', 'Adjoint(S)'}\n",
      "Unique gates in gate_sequence: {'RY', 'CNOT'}\n",
      "Number of RY gates in gate_sequence: 81\n",
      "Number of CNOT gates in gate_sequence: 32\n",
      "Unique gates in gate_sequence: {'RY', 'CNOT'}Unique gates in gate_sequence_compiled: {'Hadamard', 'PauliX', 'CNOT', 'T', 'S', 'Adjoint(S)'}\n",
      "\n",
      "Number of RY gates in gate_sequence: 81\n",
      "Number of CNOT gates in gate_sequence: 32\n",
      "Unique gates in gate_sequence_compiled: {'Hadamard', 'Adjoint(S)', 'PauliX', 'T', 'S', 'CNOT'}\n",
      "Unique gates in gate_sequence: {'RY', 'CNOT'}\n",
      "Number of RY gates in gate_sequence: 81\n",
      "Number of CNOT gates in gate_sequence: 32\n",
      "Unique gates in gate_sequence_compiled: {'Hadamard', 'PauliX', 'CNOT', 'T', 'S', 'Adjoint(S)'}\n",
      "Unique gates in gate_sequence: {'RY', 'CNOT'}\n",
      "Number of RY gates in gate_sequence: 81\n",
      "Number of CNOT gates in gate_sequence: 32\n",
      "Unique gates in gate_sequence_compiled: {'Hadamard', 'PauliX', 'CNOT', 'T', 'S', 'Adjoint(S)'}\n",
      "Unique gates in gate_sequence: {'RY', 'CNOT'}\n",
      "Number of RY gates in gate_sequence: 81Unique gates in gate_sequence: {'RY', 'CNOT'}\n",
      "\n",
      "Number of CNOT gates in gate_sequence: 32\n",
      "Number of RY gates in gate_sequence: 81Unique gates in gate_sequence_compiled: {'Hadamard', 'PauliX', 'CNOT', 'T', 'S', 'Adjoint(S)'}\n",
      "\n",
      "Number of CNOT gates in gate_sequence: 32\n",
      "Unique gates in gate_sequence: {'RY', 'CNOT'}Unique gates in gate_sequence_compiled: {'Hadamard', 'PauliX', 'CNOT', 'T', 'S', 'Adjoint(S)'}\n",
      "\n",
      "Number of RY gates in gate_sequence: 81\n",
      "Number of CNOT gates in gate_sequence: 32\n",
      "Unique gates in gate_sequence_compiled: {'Hadamard', 'PauliX', 'CNOT', 'T', 'S', 'Adjoint(S)'}\n",
      "Unique gates in gate_sequence: {'RY', 'CNOT'}\n",
      "Number of RY gates in gate_sequence: 81\n",
      "Number of CNOT gates in gate_sequence: 32\n",
      "Unique gates in gate_sequence_compiled: {'Hadamard', 'PauliX', 'CNOT', 'T', 'S', 'Adjoint(S)'}Unique gates in gate_sequence: {'RY', 'CNOT'}\n",
      "\n",
      "Number of RY gates in gate_sequence: 81\n",
      "Number of CNOT gates in gate_sequence: 32Unique gates in gate_sequence: {'RY', 'CNOT'}\n",
      "Unique gates in gate_sequence: {'RY', 'CNOT'}\n",
      "Unique gates in gate_sequence_compiled: {'Hadamard', 'PauliX', 'CNOT', 'T', 'S', 'Adjoint(S)'}Number of RY gates in gate_sequence: 81\n",
      "\n",
      "\n",
      "Unique gates in gate_sequence: {'RY', 'CNOT'}Number of RY gates in gate_sequence: 81Number of CNOT gates in gate_sequence: 32\n",
      "\n",
      "\n",
      "Number of CNOT gates in gate_sequence: 32Number of RY gates in gate_sequence: 81Unique gates in gate_sequence_compiled: {'Hadamard', 'PauliX', 'CNOT', 'T', 'S', 'Adjoint(S)'}\n",
      "\n",
      "\n",
      "Unique gates in gate_sequence_compiled: {'Hadamard', 'PauliX', 'CNOT', 'T', 'S', 'Adjoint(S)'}Number of CNOT gates in gate_sequence: 32\n",
      "\n",
      "Unique gates in gate_sequence: {'RY', 'CNOT'}\n",
      "Unique gates in gate_sequence_compiled: {'Hadamard', 'PauliX', 'CNOT', 'T', 'S', 'Adjoint(S)'}\n",
      "Number of RY gates in gate_sequence: 81\n",
      "Number of CNOT gates in gate_sequence: 32\n",
      "Unique gates in gate_sequence_compiled: {'Hadamard', 'PauliX', 'CNOT', 'T', 'S', 'Adjoint(S)'}\n",
      "Unique gates in gate_sequence: {'RY', 'CNOT'}\n",
      "Number of RY gates in gate_sequence: 81\n",
      "Number of CNOT gates in gate_sequence: 32\n",
      "Unique gates in gate_sequence: {'RY', 'CNOT'}Unique gates in gate_sequence_compiled: {'Hadamard', 'PauliX', 'CNOT', 'T', 'S', 'Adjoint(S)'}\n",
      "Unique gates in gate_sequence: {'RY', 'CNOT'}\n",
      "\n",
      "Number of RY gates in gate_sequence: 81\n",
      "Number of RY gates in gate_sequence: 81Number of CNOT gates in gate_sequence: 32\n",
      "Number of CNOT gates in gate_sequence: 32\n",
      "\n",
      "Unique gates in gate_sequence_compiled: {'Hadamard', 'PauliX', 'CNOT', 'T', 'S', 'Adjoint(S)'}Unique gates in gate_sequence_compiled: {'Hadamard', 'PauliX', 'CNOT', 'T', 'S', 'Adjoint(S)'}\n",
      "\n",
      "Unique gates in gate_sequence: {'RY', 'CNOT'}\n",
      "Number of RY gates in gate_sequence: 81\n",
      "Number of CNOT gates in gate_sequence: 32\n",
      "Unique gates in gate_sequence_compiled: {'Hadamard', 'PauliX', 'CNOT', 'T', 'S', 'Adjoint(S)'}\n",
      "⏳ Processing depth 2...\n",
      "Unique gates in gate_sequence: {'RY', 'CNOT'}\n",
      "Number of RY gates in gate_sequence: 113\n",
      "Number of CNOT gates in gate_sequence: 48\n",
      "Unique gates in gate_sequence_compiled: {'Hadamard', 'Adjoint(S)', 'PauliX', 'T', 'S', 'CNOT'}\n",
      "Unique gates in gate_sequence: {'RY', 'CNOT'}\n",
      "Number of RY gates in gate_sequence: 113\n",
      "Number of CNOT gates in gate_sequence: 48\n",
      "Unique gates in gate_sequence_compiled: {'Hadamard', 'PauliX', 'CNOT', 'T', 'S', 'Adjoint(S)'}\n",
      "Unique gates in gate_sequence: {'RY', 'CNOT'}\n",
      "Number of RY gates in gate_sequence: 113\n",
      "Number of CNOT gates in gate_sequence: 48\n",
      "Unique gates in gate_sequence_compiled: {'Hadamard', 'Adjoint(S)', 'PauliX', 'T', 'S', 'CNOT'}\n",
      "Unique gates in gate_sequence: {'RY', 'CNOT'}\n",
      "Number of RY gates in gate_sequence: 113\n",
      "Number of CNOT gates in gate_sequence: 48\n",
      "Unique gates in gate_sequence_compiled: {'Hadamard', 'PauliX', 'CNOT', 'T', 'S', 'Adjoint(S)'}\n",
      "Unique gates in gate_sequence: {'RY', 'CNOT'}\n",
      "Number of RY gates in gate_sequence: 113\n",
      "Number of CNOT gates in gate_sequence: 48\n",
      "Unique gates in gate_sequence_compiled: {'Hadamard', 'PauliX', 'CNOT', 'T', 'S', 'Adjoint(S)'}\n",
      "Unique gates in gate_sequence: {'RY', 'CNOT'}\n",
      "Number of RY gates in gate_sequence: 113\n",
      "Number of CNOT gates in gate_sequence: 48\n",
      "Unique gates in gate_sequence_compiled: {'Hadamard', 'PauliX', 'CNOT', 'T', 'S', 'Adjoint(S)'}\n",
      "Unique gates in gate_sequence: {'RY', 'CNOT'}\n",
      "Number of RY gates in gate_sequence: 113\n",
      "Number of CNOT gates in gate_sequence: 48\n",
      "Unique gates in gate_sequence_compiled: {'Hadamard', 'PauliX', 'CNOT', 'T', 'S', 'Adjoint(S)'}\n",
      "Unique gates in gate_sequence: {'RY', 'CNOT'}\n",
      "Number of RY gates in gate_sequence: 113\n",
      "Number of CNOT gates in gate_sequence: 48\n",
      "Unique gates in gate_sequence_compiled: {'Hadamard', 'PauliX', 'CNOT', 'T', 'S', 'Adjoint(S)'}\n",
      "Unique gates in gate_sequence: {'RY', 'CNOT'}\n",
      "Number of RY gates in gate_sequence: 113\n",
      "Number of CNOT gates in gate_sequence: 48\n",
      "Unique gates in gate_sequence_compiled: {'Hadamard', 'PauliX', 'CNOT', 'T', 'S', 'Adjoint(S)'}\n",
      "Unique gates in gate_sequence: {'RY', 'CNOT'}\n",
      "Number of RY gates in gate_sequence: 113\n",
      "Number of CNOT gates in gate_sequence: 48\n",
      "Unique gates in gate_sequence_compiled: {'Hadamard', 'PauliX', 'CNOT', 'T', 'S', 'Adjoint(S)'}\n",
      "Unique gates in gate_sequence: {'RY', 'CNOT'}\n",
      "Number of RY gates in gate_sequence: 113\n",
      "Number of CNOT gates in gate_sequence: 48\n",
      "Unique gates in gate_sequence_compiled: {'Hadamard', 'PauliX', 'CNOT', 'T', 'S', 'Adjoint(S)'}\n",
      "Unique gates in gate_sequence: {'RY', 'CNOT'}\n",
      "Number of RY gates in gate_sequence: 113\n",
      "Number of CNOT gates in gate_sequence: 48\n",
      "Unique gates in gate_sequence_compiled: {'Hadamard', 'PauliX', 'CNOT', 'T', 'S', 'Adjoint(S)'}\n",
      "Unique gates in gate_sequence: {'RY', 'CNOT'}\n",
      "Number of RY gates in gate_sequence: 113\n",
      "Number of CNOT gates in gate_sequence: 48\n",
      "Unique gates in gate_sequence_compiled: {'Hadamard', 'PauliX', 'CNOT', 'T', 'S', 'Adjoint(S)'}\n",
      "Unique gates in gate_sequence: {'RY', 'CNOT'}\n",
      "Number of RY gates in gate_sequence: 113\n",
      "Number of CNOT gates in gate_sequence: 48\n",
      "Unique gates in gate_sequence_compiled: {'Hadamard', 'PauliX', 'CNOT', 'T', 'S', 'Adjoint(S)'}\n",
      "Unique gates in gate_sequence: {'RY', 'CNOT'}\n",
      "Number of RY gates in gate_sequence: 113\n",
      "Number of CNOT gates in gate_sequence: 48\n",
      "Unique gates in gate_sequence_compiled: {'Hadamard', 'PauliX', 'CNOT', 'T', 'S', 'Adjoint(S)'}\n",
      "Unique gates in gate_sequence: {'RY', 'CNOT'}\n",
      "Number of RY gates in gate_sequence: 113\n",
      "Number of CNOT gates in gate_sequence: 48\n",
      "Unique gates in gate_sequence_compiled: {'Hadamard', 'PauliX', 'CNOT', 'T', 'S', 'Adjoint(S)'}\n",
      "Unique gates in gate_sequence: {'RY', 'CNOT'}\n",
      "Number of RY gates in gate_sequence: 113\n",
      "Number of CNOT gates in gate_sequence: 48\n",
      "Unique gates in gate_sequence_compiled: {'Hadamard', 'PauliX', 'CNOT', 'T', 'S', 'Adjoint(S)'}\n",
      "Unique gates in gate_sequence: {'RY', 'CNOT'}\n",
      "Number of RY gates in gate_sequence: 113\n",
      "Number of CNOT gates in gate_sequence: 48\n",
      "Unique gates in gate_sequence_compiled: {'Hadamard', 'PauliX', 'CNOT', 'T', 'S', 'Adjoint(S)'}\n",
      "Unique gates in gate_sequence: {'RY', 'CNOT'}\n",
      "Number of RY gates in gate_sequence: 113\n",
      "Number of CNOT gates in gate_sequence: 48\n",
      "Unique gates in gate_sequence_compiled: {'Hadamard', 'PauliX', 'CNOT', 'T', 'S', 'Adjoint(S)'}\n",
      "Unique gates in gate_sequence: {'RY', 'CNOT'}\n",
      "Number of RY gates in gate_sequence: 113\n",
      "Number of CNOT gates in gate_sequence: 48\n",
      "Unique gates in gate_sequence_compiled: {'Hadamard', 'PauliX', 'CNOT', 'T', 'S', 'Adjoint(S)'}\n",
      "Unique gates in gate_sequence: {'RY', 'CNOT'}\n",
      "Number of RY gates in gate_sequence: 113\n",
      "Number of CNOT gates in gate_sequence: 48\n",
      "Unique gates in gate_sequence_compiled: {'Hadamard', 'PauliX', 'CNOT', 'T', 'S', 'Adjoint(S)'}\n",
      "Unique gates in gate_sequence: {'RY', 'CNOT'}\n",
      "Number of RY gates in gate_sequence: 113\n",
      "Number of CNOT gates in gate_sequence: 48\n",
      "Unique gates in gate_sequence_compiled: {'Hadamard', 'PauliX', 'CNOT', 'T', 'S', 'Adjoint(S)'}\n",
      "Unique gates in gate_sequence: {'RY', 'CNOT'}\n",
      "Number of RY gates in gate_sequence: 113\n",
      "Number of CNOT gates in gate_sequence: 48\n",
      "Unique gates in gate_sequence_compiled: {'Hadamard', 'PauliX', 'CNOT', 'T', 'S', 'Adjoint(S)'}\n",
      "Unique gates in gate_sequence: {'RY', 'CNOT'}\n",
      "Number of RY gates in gate_sequence: 113\n",
      "Number of CNOT gates in gate_sequence: 48\n",
      "Unique gates in gate_sequence_compiled: {'Hadamard', 'PauliX', 'CNOT', 'T', 'S', 'Adjoint(S)'}\n",
      "Unique gates in gate_sequence: {'RY', 'CNOT'}\n",
      "Number of RY gates in gate_sequence: 113\n",
      "Number of CNOT gates in gate_sequence: 48\n",
      "Unique gates in gate_sequence_compiled: {'Hadamard', 'PauliX', 'CNOT', 'T', 'S', 'Adjoint(S)'}\n",
      "Unique gates in gate_sequence: {'RY', 'CNOT'}\n",
      "Number of RY gates in gate_sequence: 113\n",
      "Number of CNOT gates in gate_sequence: 48\n",
      "Unique gates in gate_sequence_compiled: {'Hadamard', 'PauliX', 'CNOT', 'T', 'S', 'Adjoint(S)'}\n",
      "Unique gates in gate_sequence: {'RY', 'CNOT'}\n",
      "Number of RY gates in gate_sequence: 113\n",
      "Number of CNOT gates in gate_sequence: 48\n",
      "Unique gates in gate_sequence_compiled: {'Hadamard', 'PauliX', 'CNOT', 'T', 'S', 'Adjoint(S)'}\n",
      "Unique gates in gate_sequence: {'RY', 'CNOT'}\n",
      "Number of RY gates in gate_sequence: 113\n",
      "Number of CNOT gates in gate_sequence: 48\n",
      "Unique gates in gate_sequence_compiled: {'Hadamard', 'PauliX', 'CNOT', 'T', 'S', 'Adjoint(S)'}\n",
      "Unique gates in gate_sequence: {'RY', 'CNOT'}\n",
      "Number of RY gates in gate_sequence: 113\n",
      "Number of CNOT gates in gate_sequence: 48\n",
      "Unique gates in gate_sequence_compiled: {'Hadamard', 'PauliX', 'CNOT', 'T', 'S', 'Adjoint(S)'}\n",
      "Unique gates in gate_sequence: {'RY', 'CNOT'}\n",
      "Number of RY gates in gate_sequence: 113\n",
